examples/agnpop/gll_psch_v12_cross_check.dat
# %ECSV 0.9
# ---
# datatype:
# - {name: Source_Name, datatype: string}
# - {name: RAJ2000, unit: deg, datatype: float32}
# - {name: DEJ2000, unit: deg, datatype: float32}
# - {name: Pivot_Energy, unit: GeV, datatype: float32, format: '{0:.1f}'}
# - {name: PL_Flux_Density, unit: ph / (cm2 GeV s), datatype: float32, format: '{0:.4e}'}
# - {name: PL_Index, datatype: float32, format: '{0:.4f}'}
# - {name: LP_Flux_Density, unit: ph / (cm2 GeV s), datatype: float32, format: '{0:.4e}'}
# - {name: LP_Index, datatype: float32, format: '{0:.4f}'}
# - {name: LP_Beta, datatype: float32, format: '{0:.6f}'}
# - {name: Redshift, datatype: float32, format: '{0:.3f}'}
# schema: astropy-2.0
Source_Name RAJ2000 DEJ2000 Pivot_Energy PL_Flux_Density PL_Index LP_Flux_Density LP_Index LP_Beta Redshift
J0007.9+4711 1.99315 47.192 17.2 6.2797e-12 3.2076 6.2797e-12 3.2076 0.000760 0.280
J0008.4-2339 2.12429 -23.6514 17.0 3.3234e-12 3.2088 3.3234e-12 3.2088 0.000760 0.147
J0013.8-1855 3.46843 -18.9169 18.9 1.1184e-12 2.4146 1.1184e-12 2.4146 0.002766 0.095
J0018.6+2946 4.65253 29.7821 29.2 6.6751e-13 1.9114 6.6751e-13 1.9114 0.003397 0.100
J0030.2-1648 7.5726 -16.8002 26.4 1.2220e-12 1.6858 1.2220e-12 1.6858 0.002444 2.100
J0030.5-0210 7.64225 -2.18004 11.9 5.7616e-12 3.2094 5.7616e-12 3.2094 0.000759 2.090
J0033.5-1921 8.39293 -19.3575 23.1 8.3639e-12 2.4149 8.3639e-12 2.4149 0.002754 0.610
J0037.8+1239 9.46151 12.6512 19.6 1.4643e-12 3.2118 1.4643e-12 3.2118 0.000757 0.089
J0038.1+0012 9.54031 0.215769 18.8 1.6307e-12 2.4147 1.6307e-12 2.4147 0.002766 0.740
J0041.5+3759 10.3765 37.9957 31.6 2.9695e-13 2.0505 2.9695e-13 2.0505 0.003228 0.380
J0043.8+3425 10.9658 34.4225 20.6 5.4743e-12 3.1049 5.4743e-12 3.1049 0.001445 0.966
J0047.0+5657 11.7746 56.9578 18.0 2.1481e-12 3.2091 2.1481e-12 3.2091 0.000759 0.747
J0047.9+3947 11.9766 39.7896 21.4 1.6238e-12 3.1060 1.6238e-12 3.1060 0.001445 0.252
J0049.7+0238 12.4465 2.64441 16.9 2.1070e-12 3.2094 2.1070e-12 3.2094 0.000760 1.474
J0050.7-0929 12.6821 -9.49458 17.0 9.7375e-12 3.2079 9.7375e-12 3.2079 0.000760 0.635
J0051.0-0647 12.7525 -6.79584 12.7 4.1183e-12 3.2095 4.1183e-12 3.2095 0.000759 1.975
J0056.3-0936 14.0954 -9.6166 29.1 9.6936e-13 2.4148 9.6936e-13 2.4148 0.002764 0.103
J0059.3-0152 14.8387 -1.87475 23.8 7.4571e-13 2.4146 7.4571e-13 2.4146 0.002766 0.144
J0108.7+0135 17.1889 1.59183 14.0 1.3504e-11 3.2087 1.3504e-11 3.2087 0.000760 2.099
J0109.1+1817 17.2915 18.2844 14.5 5.1929e-12 3.2089 5.1929e-12 3.2089 0.000760 0.443
J0109.9-4020 17.497 -40.3402 34.0 3.5324e-13 1.1446 3.5324e-13 1.1446 0.004525 0.313
J0112.1+2245 18.0329 22.7554 17.0 2.2471e-11 3.2035 2.2471e-11 3.2035 0.000760 0.265
J0112.9+3208 18.2371 32.1474 18.1 1.3788e-12 2.4147 1.3788e-12 2.4147 0.002766 0.603
J0113.5+4948 18.382 49.8115 17.9 1.8031e-12 3.2092 1.8031e-12 3.2092 0.000759 0.389
J0114.8+1324 18.7068 13.4044 20.1 2.3103e-12 3.1061 2.3103e-12 3.1061 0.001446 0.583
J0115.8+2519 18.954 25.3285 22.7 2.1603e-12 2.4146 2.1603e-12 2.4146 0.002764 0.358
J0117.7-2109 19.4426 -21.1504 14.1 2.6840e-12 3.2095 2.6840e-12 3.2095 0.000759 1.490
J0118.9-2141 19.7324 -21.6971 15.6 4.8392e-12 3.2091 4.8392e-12 3.2091 0.000759 1.165
J0123.0+3422 20.7671 34.3744 27.6 1.1166e-12 1.5129 1.1166e-12 1.5129 0.003160 0.272
J0123.6-2309 20.9102 -23.1627 32.4 8.4229e-13 1.7558 8.4229e-13 1.7558 0.003696 0.404
J0127.3-0821 21.8311 -8.35744 16.6 1.4518e-12 3.2112 1.4518e-12 3.2112 0.000756 0.360
J0131.1+5546 22.7985 55.7704 15.0 2.1252e-12 3.2090 2.1252e-12 3.2090 0.000760 0.036
J0132.6-1655 23.1594 -16.9219 13.3 5.8871e-12 3.2092 5.8871e-12 3.2092 0.000759 1.020
J0136.9+4751 24.2376 47.8549 15.3 7.1464e-12 3.2085 7.1464e-12 3.2085 0.000760 0.859
J0141.4-0928 25.3547 -9.46848 21.1 2.5988e-12 3.1060 2.5988e-12 3.1060 0.001446 0.730
J0146.8-5203 26.705 -52.0521 16.8 1.5917e-12 3.2092 1.5917e-12 3.2092 0.000759 0.098
J0148.6+0127 27.1667 1.46066 15.6 2.0225e-12 3.2095 2.0225e-12 3.2095 0.000759 0.940
J0151.0+0539 27.7537 5.65464 11.2 4.9187e-12 3.2092 4.9187e-12 3.2092 0.000759 0.300
J0152.6+0147 28.1721 1.78566 24.6 1.9759e-12 2.4147 1.9759e-12 2.4147 0.002762 0.080
J0153.5+7115 28.3967 71.2518 33.6 3.3007e-13 2.1651 3.3007e-13 2.1651 -0.195524 0.022
J0154.0+0823 28.5032 8.38995 17.5 6.6573e-12 3.2084 6.6573e-12 3.2084 0.000760 0.681
J0159.5+1047 29.882 10.7885 18.2 3.0858e-12 3.2087 3.0858e-12 3.2087 0.000760 0.195
J0203.8+3044 30.9555 30.7482 16.8 2.9382e-12 3.2092 2.9382e-12 3.2092 0.000759 0.761
J0208.6+3522 32.1683 35.3804 21.9 7.5856e-13 3.1065 7.5856e-13 3.1065 0.001446 0.318
J0210.6-5100 32.6695 -51.016 14.2 4.6845e-12 3.2091 4.6845e-12 3.2091 0.000759 1.003
J0211.2+1051 32.8143 10.8588 20.1 7.4258e-12 3.2058 7.4258e-12 3.2058 0.000761 0.200
J0213.0+2242 33.259 22.7028 32.1 3.5407e-13 2.0505 3.5407e-13 2.0505 0.003228 0.459
J0214.5+5145 33.6255 51.7606 49.7 2.3076e-13 1.2783 2.3076e-13 1.2783 0.004450 0.049
J0216.4+2315 34.1128 23.2544 23.5 6.6094e-13 2.4146 6.6094e-13 2.4146 0.002766 0.288
J0217.1+0836 34.2759 8.60505 16.5 3.3894e-12 3.2089 3.3894e-12 3.2089 0.000760 0.085
J0217.8+0143 34.4622 1.72569 14.2 1.1699e-11 3.2087 1.1699e-11 3.2087 0.000760 1.715
J0219.1-1723 34.7925 -17.3939 17.7 1.4451e-12 2.4146 1.4451e-12 2.4146 0.002766 0.128
J0221.1+3556 35.285 35.938 19.3 7.7248e-12 3.1042 7.7248e-12 3.1042 0.001445 0.944
J0222.6+4302 35.6663 43.0341 17.3 5.1694e-11 3.1904 5.1694e-11 3.1904 0.000764 0.444
J0227.3+0200 36.8281 2.00265 27.1 7.2019e-13 2.0505 7.2019e-13 2.0505 0.003228 0.457
J0228.2-5545 37.0546 -55.7511 16.7 2.3834e-12 3.2094 2.3834e-12 3.2094 0.000759 2.464
J0231.0-5755 37.7575 -57.9266 27.6 4.0452e-13 2.4146 4.0452e-13 2.4146 0.002766 0.032
J0232.8+2017 38.2236 20.2984 35.8 3.7774e-13 2.0505 3.7774e-13 2.0505 0.003227 0.139
J0236.8-6137 39.2104 -61.6283 17.3 1.4820e-12 3.2094 1.4820e-12 3.2094 0.000759 0.467
J0237.8+2847 39.4624 28.7956 15.2 1.1490e-11 3.2081 1.1490e-11 3.2081 0.000760 1.206
J0238.4-3117 39.6172 -31.2862 28.5 1.3414e-12 2.4147 1.3414e-12 2.4147 0.002762 0.233
J0238.6+1637 39.671 16.6271 17.7 1.2485e-11 3.2072 1.2485e-11 3.2072 0.000760 0.940
J0242.7-0002 40.6759 -0.043137 14.2 2.6087e-12 3.2091 2.6087e-12 3.2091 0.000760 0.003
J0244.4-5819 41.1231 -58.3273 30.4 9.6448e-13 1.6007 9.6448e-13 1.6007 0.003529 0.265
J0246.1-4650 41.5362 -46.8473 15.0 3.6829e-12 3.2093 3.6829e-12 3.2093 0.000759 1.385
J0250.5+1712 42.6482 17.2146 29.7 8.1621e-13 1.9113 8.1621e-13 1.9113 0.003397 0.612
J0252.8-2218 43.208 -22.3155 15.5 6.6434e-12 3.2089 6.6434e-12 3.2089 0.000760 1.419
J0256.4+0334 44.1007 3.5736 18.2 1.5107e-12 3.2119 1.5107e-12 3.2119 0.000757 0.400
J0259.4+0747 44.8585 7.78506 18.9 2.9904e-12 3.1061 2.9904e-12 3.1061 0.001446 0.893
J0303.4-2407 45.8595 -24.125 23.0 9.2274e-12 3.0987 9.2274e-12 3.0987 0.001443 0.266
J0304.5-0055 46.1354 -0.91783 30.5 5.8349e-13 1.4014 5.8349e-13 1.4014 0.004465 0.511
J0308.4+0408 47.1195 4.1336 20.2 1.5950e-12 2.4147 1.5950e-12 2.4147 0.002765 0.029
J0309.0+1029 47.2531 10.4965 15.8 3.4134e-12 3.2092 3.4134e-12 3.2092 0.000759 0.863
J0310.0-6058 47.5079 -60.9749 13.3 4.5238e-12 3.2093 4.5238e-12 3.2093 0.000759 1.479
J0312.8+3614 48.2205 36.2451 34.9 2.9274e-13 1.6845 2.9274e-13 1.6845 0.002436 0.071
J0316.2+0905 49.0552 9.09012 21.9 3.9545e-12 3.1047 3.9545e-12 3.1047 0.001445 0.372
J0316.6+4120 49.1739 41.3348 57.1 1.5866e-13 1.1387 1.5866e-13 1.1387 0.005071 0.019
J0319.8+4130 49.96 41.5123 17.2 5.9668e-11 3.1795 5.9668e-11 3.1795 0.000770 0.018
J0319.8+1845 49.9706 18.754 31.3 1.1417e-12 1.8638 1.1417e-12 1.8638 0.001226 0.190
J0325.4-5635 51.3641 -56.5933 24.3 6.7805e-13 3.1061 6.7805e-13 3.1061 0.001446 0.060
J0325.6-1646 51.4194 -16.7733 25.5 2.3241e-12 2.4147 2.3241e-12 2.4147 0.002761 0.291
J0326.3+0226 51.5861 2.43339 22.4 1.8155e-12 3.1052 1.8155e-12 3.1052 0.001446 0.147
J0333.8+7849 53.4693 78.8292 18.0 2.1504e-12 3.1059 2.1504e-12 3.1059 0.001445 0.400
J0334.2-4008 53.5522 -40.1465 16.0 8.5118e-12 3.2086 8.5118e-12 3.2086 0.000760 1.445
J0334.3+3920 53.5912 39.3384 37.6 2.4531e-13 1.5644 2.4531e-13 1.5644 0.003897 0.021
J0336.4-0348 54.1217 -3.80029 34.8 4.9794e-13 3.2118 4.9794e-13 3.2118 0.000757 0.159
J0338.1-2443 54.5398 -24.7301 29.9 1.2921e-15 -3.4793 1.2921e-15 -3.4793 0.009078 0.251
J0339.2-1736 54.8136 -17.6071 20.9 1.3339e-12 3.2091 1.3339e-12 3.2091 0.000759 0.065
J0339.5-0146 54.875 -1.76826 17.1 3.8887e-12 3.2091 3.8887e-12 3.2091 0.000759 0.850
J0340.6-2120 55.1696 -21.3345 23.2 4.8464e-13 3.1066 4.8464e-13 3.1066 0.001446 0.233
J0342.2+3858 55.5559 38.9791 14.9 1.5285e-12 3.2095 1.5285e-12 3.2095 0.000759 0.945
J0345.1-2353 56.2958 -23.8906 18.0 1.1810e-12 2.4146 1.1810e-12 2.4146 0.002766 0.104
J0349.3-1159 57.3454 -11.9927 44.6 2.7652e-13 2.0261 2.7652e-13 2.0261 0.001922 0.188
J0353.0-6832 58.2623 -68.535 31.1 6.4251e-13 1.9086 6.4251e-13 1.9086 0.003395 0.087
J0356.8-4957 59.2228 -49.9561 17.2 1.3004e-12 3.2095 1.3004e-12 3.2095 0.000759 0.643
J0401.9-2616 60.4916 -26.267 13.6 4.3727e-12 3.2093 4.3727e-12 3.2093 0.000760 1.920
J0403.7-3607 60.9466 -36.1189 12.0 4.6012e-12 3.2095 4.6012e-12 3.2095 0.000758 1.417
J0407.4+0740 61.8652 7.67457 18.1 1.7701e-12 3.1062 1.7701e-12 3.1062 0.001446 1.133
J0416.5-1852 64.1487 -18.8806 18.3 1.3669e-12 2.4147 1.3669e-12 2.4147 0.002767 1.536
J0416.8+0105 64.2136 1.09427 28.0 1.1495e-12 2.4148 1.1495e-12 2.4148 0.002764 0.287
J0423.3-0120 65.8293 -1.3424 16.0 6.9165e-12 3.2087 6.9165e-12 3.2087 0.000760 0.916
J0424.7+0036 66.1993 0.603108 20.4 1.8742e-12 3.1059 1.8742e-12 3.1059 0.001445 0.268
J0428.6-3756 67.1694 -37.9411 14.9 7.0162e-11 3.2001 7.0162e-11 3.2001 0.000761 1.110
J0430.2-2507 67.5675 -25.1256 15.9 2.0316e-12 3.2094 2.0316e-12 3.2094 0.000759 0.516
J0433.6+2905 68.4118 29.0964 19.6 5.8434e-12 3.1050 5.8434e-12 3.1050 0.001445 0.970
J0438.8-4520 69.7126 -45.3468 15.0 1.4986e-12 3.2096 1.4986e-12 3.2096 0.000759 2.017
J0440.3-2457 70.0836 -24.9643 24.8 5.8173e-13 2.4146 5.8173e-13 2.4146 0.002767 0.600
J0442.7-0018 70.6789 -0.315317 15.8 2.6239e-12 3.2091 2.6239e-12 3.2091 0.000759 0.449
J0445.0-6012 71.2572 -60.2143 19.2 9.6929e-13 2.4146 9.6929e-13 2.4146 0.002766 0.097
J0449.4-4350 72.3616 -43.8338 22.9 1.7042e-11 3.0948 1.7042e-11 3.0948 0.001443 0.205
J0455.8-4616 73.9675 -46.2719 12.8 2.6925e-12 3.2095 2.6925e-12 3.2095 0.000759 0.858
J0457.0-2324 74.2573 -23.4115 16.2 3.1373e-11 3.2045 3.1373e-11 3.2045 0.000761 1.003
J0501.2-0159 75.321 -1.99083 14.1 5.2164e-12 3.2094 5.2164e-12 3.2094 0.000759 2.291
J0505.4+0458 76.3623 4.97926 13.5 1.0152e-11 3.2086 1.0152e-11 3.2086 0.000760 0.954
J0505.5+0415 76.3931 4.25548 20.2 1.9411e-12 3.1061 1.9411e-12 3.1061 0.001446 0.424
J0508.0+6737 77.0014 67.6197 33.9 5.1310e-12 1.4239 5.1310e-12 1.4239 0.002138 0.416
J0510.0+1800 77.5211 18.0087 16.3 8.6141e-12 3.2078 8.6141e-12 3.2078 0.000760 0.416
J0516.3+7350 79.091 73.85 25.8 6.3015e-13 2.4147 6.3015e-13 2.4147 0.002765 0.251
J0516.7-6207 79.1758 -62.1259 18.1 3.9912e-12 3.1059 3.9912e-12 3.1059 0.001445 1.300
J0521.7+2112 80.4417 21.2134 18.4 3.2807e-11 3.1917 3.2807e-11 3.1917 0.000762 0.108
J0523.0-3627 80.7534 -36.4575 20.5 2.6544e-12 3.2041 2.6544e-12 3.2041 0.000760 0.056
J0524.5+2838 81.1371 28.6397 25.3 1.0176e-12 1.7368 1.0176e-12 1.7368 0.003679 1.500
J0526.0-0050 81.5012 -0.84949 14.9 2.3702e-12 3.2095 2.3702e-12 3.2095 0.000759 1.200
J0526.1-4830 81.542 -48.5028 14.8 4.2554e-12 3.2092 4.2554e-12 3.2092 0.000759 1.300
J0528.6-5920 82.1619 -59.3486 16.0 2.1879e-12 3.2120 2.1879e-12 3.2120 0.000757 1.130
J0532.7+0732 83.1844 7.537 15.2 9.0206e-12 3.2086 9.0206e-12 3.2086 0.000760 1.254
J0532.8-8326 83.2152 -83.4362 19.4 9.3053e-13 3.1063 9.3053e-13 3.1063 0.001446 0.774
J0533.3+4822 83.3428 48.3727 14.0 5.4028e-12 3.2090 5.4028e-12 3.2090 0.000759 1.160
J0537.8-5718 84.4648 -57.3012 18.5 9.5819e-13 2.4147 9.5819e-13 2.4147 0.002767 1.180
J0538.8-4405 84.7041 -44.0914 14.9 7.2532e-11 3.1986 7.2532e-11 3.1986 0.000761 0.892
J0543.9-5532 85.9833 -55.5385 25.1 4.7805e-12 1.9861 4.7805e-12 1.9861 0.000382 0.273
J0558.1-3838 89.5388 -38.643 19.9 1.8192e-12 3.2091 1.8192e-12 3.2091 0.000759 0.302
J0601.2-7035 90.3012 -70.5935 14.4 3.2291e-12 3.2094 3.2291e-12 3.2094 0.000759 2.409
J0602.0+5316 90.5012 53.2801 21.7 1.5747e-12 3.1053 1.5747e-12 3.1053 0.001446 0.052
J0606.3-4730 91.596 -47.5088 16.1 1.4899e-12 2.4147 1.4899e-12 2.4147 0.002766 0.037
J0608.3-0832 92.0858 -8.53801 14.5 3.0283e-12 3.2094 3.0283e-12 3.2094 0.000759 0.870
J0617.6-1715 94.4162 -17.2589 17.2 4.5371e-12 3.2083 4.5371e-12 3.2083 0.000760 0.098
J0622.4-2606 95.6069 -26.1125 24.1 3.3345e-12 2.4150 3.3345e-12 2.4150 0.002760 0.414
J0622.9+3326 95.7364 33.4395 20.3 4.3531e-12 2.4148 4.3531e-12 2.4148 0.002763 1.062
J0627.1-3528 96.777 -35.4808 25.8 2.4838e-12 2.4115 2.4838e-12 2.4115 0.002743 0.055
J0629.3-1958 97.3373 -19.9763 15.2 8.1970e-12 3.2088 8.1970e-12 3.2088 0.000760 1.724
J0630.9-2406 97.74 -24.1118 16.6 2.1146e-11 3.2063 2.1146e-11 3.2063 0.000760 1.238
J0648.7+1517 102.187 15.2842 33.1 2.6238e-12 1.7401 2.6238e-12 1.7401 0.001137 0.179
J0650.7+2503 102.698 25.0576 22.6 7.1264e-12 2.4146 7.1264e-12 2.4146 0.002755 0.203
J0654.3+5042 103.599 50.706 14.9 4.1232e-12 3.2091 4.1232e-12 3.2091 0.000759 1.253
J0656.2+4235 104.059 42.5956 31.2 3.3662e-13 1.6845 3.3662e-13 1.6845 0.002436 0.059
J0709.7-0255 107.448 -2.93104 17.3 4.2690e-12 3.2089 4.2690e-12 3.2089 0.000760 1.472
J0710.4+5908 107.624 59.1418 22.4 1.4626e-12 2.4147 1.4626e-12 2.4147 0.002762 0.125
J0712.7+5032 108.186 50.5453 22.8 1.2549e-12 3.1059 1.2549e-12 3.1059 0.001445 0.502
J0719.4+3307 109.854 33.1296 16.4 6.1669e-12 3.2085 6.1669e-12 3.2085 0.000760 0.779
J0721.8+7120 110.474 71.342 16.1 6.1102e-11 3.1718 6.1102e-11 3.1718 0.000779 0.127
J0725.2+1425 111.316 14.4244 15.4 9.9995e-12 3.2083 9.9995e-12 3.2083 0.000760 1.038
J0725.8-0056 111.462 -0.940938 23.4 1.5979e-12 2.4147 1.5979e-12 2.4147 0.002765 0.128
J0730.3-1141 112.576 -11.6886 15.6 2.2924e-11 3.2070 2.2924e-11 3.2070 0.000760 1.589
J0730.4+3307 112.608 33.1202 23.5 7.5116e-13 2.4146 7.5116e-13 2.4146 0.002766 0.112
J0738.1+1742 114.533 17.713 18.4 1.6451e-11 3.2035 1.6451e-11 3.2035 0.000760 0.424
J0739.3+0137 114.831 1.62821 18.2 2.9489e-12 3.2089 2.9489e-12 3.2089 0.000760 0.189
J0742.5+5444 115.647 54.7353 17.3 3.0322e-12 3.2089 3.0322e-12 3.2089 0.000760 0.723
J0744.1+7435 116.031 74.5902 25.6 1.1272e-12 2.4146 1.1272e-12 2.4146 0.002763 0.314
J0753.1+5354 118.286 53.9075 18.7 1.8305e-12 3.2089 1.8305e-12 3.2089 0.000760 0.200
J0754.8+4822 118.709 48.3819 19.6 2.0208e-12 2.4147 2.0208e-12 2.4147 0.002765 0.377
J0757.1+0957 119.289 9.96569 28.9 1.1133e-12 1.9872 1.1133e-12 1.9872 0.003256 0.266
J0805.5+7534 121.393 75.5765 22.3 2.7437e-12 3.1029 2.7437e-12 3.1029 0.001444 0.121
J0808.2-0751 122.07 -7.85792 16.1 1.6591e-11 3.2078 1.6591e-11 3.2078 0.000760 1.837
J0809.7+3457 122.43 34.958 38.7 2.9470e-13 1.5643 2.9470e-13 1.5643 0.003896 0.083
J0809.8+5218 122.459 52.3104 22.6 7.8703e-12 3.0970 7.8703e-12 3.0970 0.001443 0.138
J0811.4+0147 122.851 1.78696 19.8 4.0570e-12 3.1059 4.0570e-12 3.1059 0.001445 1.148
J0814.5+2941 123.637 29.6864 21.0 4.0298e-13 3.1239 4.0298e-13 3.1239 0.001412 1.084
J0814.6+6429 123.653 64.4911 19.9 2.1066e-12 3.2086 2.1066e-12 3.2086 0.000760 0.239
J0816.4-1311 124.107 -13.1941 23.8 3.3256e-12 3.1033 3.3256e-12 3.1033 0.001444 0.046
J0816.4+5739 124.109 57.6644 25.1 1.0927e-12 2.4148 1.0927e-12 2.4148 0.002763 0.054
J0816.9+2050 124.236 20.8473 22.4 5.4010e-13 3.1066 5.4010e-13 3.1066 0.001446 0.058
J0818.2+4222 124.562 42.3767 16.2 1.1962e-11 3.2068 1.1962e-11 3.2068 0.000760 0.530
J0820.9+2353 125.234 23.892 24.9 6.7723e-13 1.7272 6.7723e-13 1.7272 0.003710 0.402
J0823.3+4043 125.835 40.723 14.8 1.2650e-12 3.2096 1.2650e-12 3.2096 0.000759 0.866
J0825.7+0311 126.446 3.19459 18.4 1.4349e-12 3.1065 1.4349e-12 3.1065 0.001446 0.506
J0825.9-2229 126.5 -22.4989 18.6 1.1982e-11 3.2062 1.1982e-11 3.2062 0.000761 0.910
J0828.3+4153 127.088 41.8983 32.0 1.6229e-13 2.0833 1.6229e-13 2.0833 0.003289 0.226
J0831.8+0429 127.961 4.49564 14.5 7.1120e-12 3.2081 7.1120e-12 3.2081 0.000760 0.174
J0847.0-2337 131.753 -23.6221 23.7 2.2994e-12 3.1043 2.2994e-12 3.1043 0.001445 0.059
J0847.2+1134 131.808 11.5667 30.3 5.7367e-13 0.6766 5.7367e-13 0.6766 0.005105 0.199
J0849.9+5108 132.494 51.1418 15.6 4.1886e-12 3.2087 4.1886e-12 3.2087 0.000760 0.583
J0850.0-1214 132.52 -12.2388 16.7 2.6369e-12 3.2093 2.6369e-12 3.2093 0.000759 0.566
J0850.6+3454 132.652 34.907 21.0 7.3420e-13 3.1065 7.3420e-13 3.1065 0.001445 0.145
J0854.8+2006 133.712 20.1004 19.1 6.6514e-12 3.2074 6.6514e-12 3.2074 0.000760 0.306
J0903.2+4650 135.807 46.8496 15.8 1.1707e-12 3.2122 1.1707e-12 3.2122 0.000756 1.462
J0908.9+2311 137.238 23.1908 19.9 2.6934e-12 3.2083 2.6934e-12 3.2083 0.000760 0.223
